2.357414e+02 1.387523e+04 5.058711e+01 4.653679e+02
6.854852e+02 4.347022e+04 4.613718e+00 4.013541e+03
4.540993e+02 2.982691e+04 8.032460e+01 8.708142e+02
5.642642e+02 3.497431e+04 7.718692e+01 1.457969e+03
8.332883e+02 5.420703e+04 7.206329e+00 4.540658e+03
7.498525e+02 5.524782e+04 3.215077e+01 3.888274e+03
8.362460e+02 5.459196e+04 9.947687e+01 6.610759e+02
3.534745e+02 1.967325e+04 2.112077e+01 3.079899e+03
3.732036e+02 3.056252e+04 7.633242e+01 2.592087e+03
2.158936e+02 1.842628e+04 8.617736e+00 2.320966e+03
9.921400e+02 7.219671e+04 3.646326e+01 2.690813e+03
5.904744e+02 3.589948e+04 8.032496e+01 1.541157e+03
8.572475e+02 5.491487e+04 4.906108e+01 7.173242e+02
7.326936e+02 5.138534e+04 2.417557e+01 2.808262e+03
2.113827e+02 1.050243e+04 3.162782e+01 1.748339e+03
7.783367e+02 5.198248e+04 6.099085e+01 1.153322e+03
2.360816e+02 1.821657e+04 1.829535e+01 3.913209e+03
1.823455e+02 1.657945e+04 7.062306e+01 6.245765e+02
6.529701e+02 4.705165e+04 9.192936e+01 3.492588e+03
5.954923e+02 4.384431e+04 7.247114e+01 2.705282e+03
4.547493e+02 2.937075e+04 8.162538e+01 6.790708e+02
8.158152e+02 5.327149e+04 9.553822e+01 1.618500e+03
7.593597e+02 4.939525e+04 6.868542e+01 1.918736e+03
7.688136e+02 5.634706e+04 1.933580e+01 2.473871e+03
3.351834e+02 2.650311e+04 8.927960e+01 2.836901e+03
7.417226e+02 4.769123e+04 2.254276e+01 1.298784e+03
6.698300e+02 5.101139e+04 7.028966e+01 3.513318e+03
1.783251e+02 9.183767e+03 8.679400e+01 4.084124e+03
9.007549e+02 6.677430e+04 4.045703e+01 3.157409e+03
6.392611e+02 4.701160e+04 9.988658e+01 7.460762e+02
6.505000e+02 4.762631e+04 2.603886e+01 9.848445e+02
8.731419e+02 6.265394e+04 1.125649e+01 4.988842e+03
1.003640e+02 9.877072e+03 9.506035e+01 4.694652e+03
9.234700e+02 6.843684e+04 9.121477e+00 8.984676e+02
9.413808e+02 6.680176e+04 3.816026e+01 2.704349e+02
4.302146e+02 2.680584e+04 3.509462e+01 3.835192e+03
3.042460e+02 1.644116e+04 4.054060e+01 1.544424e+03
3.616836e+02 2.928347e+04 5.552249e+01 3.798688e+03
8.374367e+02 6.130404e+04 6.977562e+01 3.566141e+03
2.880915e+02 1.831477e+04 2.650659e+01 3.421530e+03
3.011333e+02 1.651265e+04 5.366630e+01 4.258159e+01
4.414746e+02 2.629107e+04 7.870670e+00 9.051912e+02
9.249487e+02 6.025410e+04 9.787112e+01 4.567318e+03
6.331670e+02 4.666914e+04 5.167538e+01 2.410916e+03
2.330796e+02 1.950986e+04 4.412280e+01 4.835121e+03
2.548219e+02 1.993151e+04 1.660387e+01 4.431693e+02
1.257257e+02 1.206417e+04 2.744782e+00 1.085341e+03
8.350224e+02 5.883106e+04 5.978062e+01 9.539723e+02
1.757092e+02 9.861893e+03 3.691419e+01 2.488788e+03
8.127062e+02 5.985636e+04 3.878611e+01 2.309920e+03
7.333844e+01 7.805148e+03 1.043939e+01 3.710415e+03
7.075208e+02 4.718200e+04 5.519746e+01 1.013219e+03
6.968937e+02 4.852253e+04 2.308974e+01 1.427495e+03
8.601512e+02 5.521980e+04 8.441632e+00 1.160442e+03
1.661095e+02 6.850961e+03 4.713363e+01 4.543730e+03
8.525205e+02 5.793810e+04 7.873217e+01 1.995935e+03
3.084111e+02 2.532978e+04 2.245778e+01 3.550755e+03
2.015188e+02 1.107758e+04 4.398312e+01 3.787146e+03
4.650589e-01 -1.113388e+03 1.225636e+01 1.782734e+03
5.340523e+02 3.272169e+04 5.789006e+00 1.513607e+03
3.403574e+02 2.060471e+04 1.439428e+00 2.398386e+03
4.129552e+02 2.688724e+04 3.200901e+01 4.190838e+03
7.944889e+02 5.789947e+04 8.010105e+01 2.328616e+03
5.402440e+02 3.431380e+04 5.800007e+01 9.750733e+02
2.524313e+02 1.671200e+04 8.142451e+01 4.715221e+03
9.900331e+02 6.490212e+04 4.579697e+01 2.096910e+03
5.171257e+02 3.354093e+04 3.616544e+01 2.063729e+02
9.631376e+02 6.425148e+04 9.556464e+01 1.892824e+03
4.916759e+02 3.344028e+04 8.680585e+01 4.071950e+02
7.367808e+02 5.310482e+04 3.336450e+01 2.470459e+03
2.708020e+02 1.419727e+04 5.357415e+00 2.020964e+03
1.385067e+02 5.765810e+03 7.540607e+01 4.668430e+03
8.168846e+02 5.794589e+04 2.695459e+01 1.950923e+03
5.072078e+02 3.290757e+04 8.446710e+01 8.199936e+02
4.415320e+02 2.899518e+04 2.910314e+01 1.474245e+03
9.578560e+02 6.825059e+04 3.984894e+01 3.408640e+03
6.810559e+02 5.044553e+04 1.008718e+01 3.487655e+03
1.024470e+02 7.630543e+03 4.281631e+01 4.921889e+03
7.654410e+02 5.071510e+04 4.076511e+01 3.989896e+03
6.309513e+02 3.919167e+04 3.559152e+01 1.892490e+03
3.569332e+02 2.251966e+04 6.976942e+01 2.586341e+02
3.656883e+02 2.402778e+04 6.249423e+01 1.990423e+03
8.922907e+02 5.746022e+04 9.880884e+01 1.001029e+03
3.131995e+02 2.279949e+04 9.910518e+01 2.538725e+03
1.162887e+02 6.559675e+03 1.564030e+01 2.710977e+03
8.191502e+02 6.096713e+04 8.911741e+01 2.203222e+03
5.305638e+01 5.455135e+03 8.327072e+01 1.587389e+03
8.042330e+01 1.040324e+04 6.644882e+01 8.728279e+02
2.075127e+02 1.416201e+04 2.004993e+01 3.839680e+03
8.786857e+02 5.833048e+04 3.017696e+01 4.224428e+03
5.534781e+02 4.039322e+04 2.495082e+01 2.563971e+03
8.749868e+02 6.237886e+04 6.494759e+01 1.284227e+03
5.178525e+02 3.393812e+04 4.519845e+01 3.427054e+03
9.512206e+02 6.776250e+04 5.710495e+01 2.135518e+03
5.805502e+02 3.610148e+04 9.906903e+01 1.186249e+03
2.977090e+02 1.964396e+04 3.732961e+01 1.856498e+03
2.899829e+02 1.944829e+04 3.424694e+00 1.317079e+03
7.038076e+00 3.501612e+03 2.928870e+01 4.317204e+03
5.333616e+02 3.559301e+04 1.362891e+01 3.154491e+03
6.963599e+02 4.541951e+04 7.626995e+01 3.525151e+03
